Username,location,friend_count,review_count,photo_count,rating,date,review,Url
Mark R.,"Raleigh, NC",1,21,,5.0,10/9/2017,"I've never gotten into the whole ""gourmet burgers"" thing, but Red Robin has great burgers and salads. This particular store has provided excellent service and experience consistently during most all of my visits. I highly recommend this location.",https://www.yelp.com/biz/red-robin-gourmet-burgers-cary
Montie B.,"Raleigh, NC",0,9,,2.0,12/14/2017,"The food was okay, the server was scarce and messed up my kids burger. Health score while we were there dropped from a 96 to a 92. Food took forever to get to the table. Worse part, there was a kid that was screaming so loud randomly and disturbing everyone, and no one did anything about it. People were clapping when they left. My 6 year old kept saying ""they need to leave"". DON'T SACRIFICE THE PLEASANT DINING EXPERIENCE OF 20 TABLES BECAUSE ONE MIGHT GET OFFENDED BECAUSE YOU TOLD THEM TO SHIP THEIR KID UP!",https://www.yelp.com/biz/red-robin-gourmet-burgers-cary
Shavonne H.,"Raleigh, NC",177,71,120,4.0,9/23/2017,"So many choices it can be overwhelming, but you can customize your burgers. I got the A1 Peppercorn and substituted beef for a turkey burger and had the lettuce wrap instead of a bun. So good! And the bottomless fries are always great!!! Also sign up for their royalty because you get perks and a free burger for your bday! Service is usually good at this location as well",https://www.yelp.com/biz/red-robin-gourmet-burgers-cary
Adam L.,"Cheyenne, WY",0,10,,3.0,11/25/2017,The service at this establishment is great however we did have a few issues. We ordered the pretzel bites as an appetizer and they were over cooked (very very dark) and the cheese was watery. I swapped out my french fries for onion rings and it was seriously like 4 onion rings. My wife ordered a caesar salad that came with no croutons (a basic ingredient in caesar salad). Out experience was good but these are simple mistakes that can be fixed.,https://www.yelp.com/biz/red-robin-gourmet-burgers-cary
Pierre T.,"Raleigh, NC",798,93,15,4.0,1/13/2017,"Came here for a group lunch with some of my coworkers and it was the first time I've ever been to Red Robin. It ain't Bad Daddy's or Chuck's but the food was pretty dang good. Our waiter did a very good job with being prompt with our orders and getting us our food quickly. I ordered the Whiskey River BBQ Chicken Wrap and a side of fries. Love the fact that fries are unlimited here though they do take some time to come out if you want more (which is understandable since they are bottomless and they'd lose money if they brought you more immediately).  The one thing that I disliked and this goes for similar restaurants like Chili's, Applebee's, and Kamodo Grille is the console on the table where you can pay for your food and pay to play games. Now I don't have kids and this may be a good parenting tactic to keep your kids under control at the restaurant but otherwise with large groups, it takes up unnecessary space at the table. Maybe in the future, they'll build a screen into the table :)",https://www.yelp.com/biz/red-robin-gourmet-burgers-cary
Erica H.,"Cary, NC",30,233,414,5.0,4/29/2017,I know a lot of people don't think of red robin as a date spot but my husband and I enjoy it! They have redone their interior here and the servers are all on top of it. $6.99 for a burger with bottomless fries? I'm game. Red robin also makes an excellent mai tai. Bring the kids or stop by later without them and enjoy a quick bite and a milkshake.,https://www.yelp.com/biz/red-robin-gourmet-burgers-cary
Edward D.,"Mount Pleasant, SC",2,7,3,1.0,7/2/2017,"Stopped in as our destination sandwhich shop was closed for the holiday. Our past experience with Red Robin has not been stellar so had been hoping for redemption.  Our waitress could not explain what the baja vegetables were but we went with that salad anyway asking for the whiskey chicken, which she said could be done. Salad arrived with plain chicken and no garlic toast. She never offered additional fries for my son's burger, isn't that what they're known for??? nor offered a lemonade refill although it cost $5! and brought a soda that had no syrup. When questioned about the toast, brought out burnt pieces that had NO garlic. So as I say, two data points make a line and we won't be dining at Red Robin again. A total failure in service recovery and the sour taste of the experience will linger on.",https://www.yelp.com/biz/red-robin-gourmet-burgers-cary
Kong L.,"Raleigh, NC",109,302,681,4.0,2/9/2016,"My go to place for a burger and unlimited fries. Okay, the unlimited fries gets me every time I make a decision for a burger joint. The prices are great and is located in a nice area. The burgers are always fresh along with the fries.  As far as the staff goes, it's a hit or a miss. It's been about 50/50 for my multiple experiences at Red Robin. Overall, can't beat the quality of the food and experience. Special shout out to the camp fire sauce!",https://www.yelp.com/biz/red-robin-gourmet-burgers-cary
Jeff S.,"Raleigh, NC",27,139,13,3.0,1/14/2017,"This is a well executed burger concept, but the food is average, the prices are on the high side and the service is routinely slow (which burns me). On a plus size (no pun intended) the portions are very large and by the looks of many customers there isn't much take out going on. I'd rather not eat here, but the kids like it and my wife has had some good salads.",https://www.yelp.com/biz/red-robin-gourmet-burgers-cary
Alexandria B.,"Raleigh, NC",100,9,1,5.0,6/25/2017,"Great service, Bryce always take great care of us when come here ! We don't even have to him what we want because he has remembered our Oder !  !!",https://www.yelp.com/biz/red-robin-gourmet-burgers-cary
Susan C.,"Fuquay Varina, NC",0,10,,3.0,1/4/2017,"Ordered the western BBQ burger. The patty was very thin. Not enough BBQ sauce on it so I ordered a side of it. Fries are great, salad is great. Diet Coke is terrible here. Service is 5 stars every time we go.  Seems like the burger themselves are not as good as they used to be, thinner and not as flavorful. Bun is really good though! We have gone frequently but I've decided to not go back because the quality of the burger (at this location) isn't good.",https://www.yelp.com/biz/red-robin-gourmet-burgers-cary
Brandon S.,"Wake Forest, NC",0,2,,5.0,6/22/2017,Hey guys this red robin has it's ups and downs just like everywhere else but when me an my friends meet up here they always treat us good foods always great especially the garlic fries lol our waitress Samantha tonight was awesome  survey says 5 stars,https://www.yelp.com/biz/red-robin-gourmet-burgers-cary
Jessica M.,"Chapel Hill, NC",3,31,12,5.0,4/12/2017,"I am a fan. I don't come very often but when I do it's good. I have a rewards membership which is great since I can get credits towards a free meal after a certain number of visits. Or other people can give me their credits too :) I make it a tradition to come here each year on my birthday for my free birthday burger, and the waiters are always awesome. Thanks.",https://www.yelp.com/biz/red-robin-gourmet-burgers-cary
Kim M.,"Raleigh, NC",25,64,40,3.0,8/21/2016,Decent place to go if you want a burger with a little bit more flare but you don't want to pay artisanal/gourmet prices. Plus you get unlimited fries and lots of choices for dipping sauces/spreads. It can be a little on the loud side especially if you go during busy times. It's a family spot for sure.,https://www.yelp.com/biz/red-robin-gourmet-burgers-cary
Morgan G.,"Raleigh, NC",289,14,3,1.0,2/4/2017,Came during lunch today and ordered the nacho appetizer which came out very small with no toppings for $9. Our lunch was not very good and the burgers weren't hot.  Took over 45 minutes for the server to get our checks right for us to pay. Spent over 2 hours in the restaurant and was late to my next obligations.  Very poor service.,https://www.yelp.com/biz/red-robin-gourmet-burgers-cary
Candy R.,"Apex, NC",0,25,,4.0,7/30/2017,"I really like their poutine & wedge salad. My son & his family (6 of them) really like their food, especially their turkey burgers & bottom unless fries. Always have great service when we go.",https://www.yelp.com/biz/red-robin-gourmet-burgers-cary
Scott S.,"Greensboro, NC",19,92,337,2.0,8/30/2015,"Red Robin has been a love-hate thing for me for many years. Depending on the restaurant, the experience could be great or it could be awful. Unfortunately, for this location, it falls into the ""awful"" category.  No secret that this is a chain burger restaurant that I would lump in with places like Chili's, Applebees, O'Charleys and TGI Fridays. Some of these National chain restaurants that were all much better back in the day say about 26 years ago. It's amazing to me that places like these manage to stay open for as long as they do. Who would have thought that places like Chili's and Applebee's would have made it through all these years. No issues with the service really. The biggest and one of the worst experiences I have had was that we found a big chunk of plastic wrapper from the cheese slice in one of the burgers we ordered!  The manager was polite and made us a new replacement burger. She also did not charge for the burger which I thought was a good thing The quality level of the food was just meh and definitely not on par with some of the better independent burger places . I could get the same burger at a fast food chain that would be just as good, if not better for half the cost.  I've got nothing against chain restaurants as long as they are done right. With Red Robin, it seems to be hit or miss.",https://www.yelp.com/biz/red-robin-gourmet-burgers-cary
Heather L.,"Morrisville, NC",56,6,,5.0,4/20/2017,"Editing my review. Management reached out to me almost immediately to rectify our not so great experience. We went back tonight for dinner and I have to say we had amazing service. Tony was and we were so impressed. He didn't do anything spectacular or crazy - he just did his job great. Our drinks didn't go empty. My daughters oranges didn't go empty (which is HUGE). He offered refills and to go drinks. On top of all of that he switched us from a high top booth to a table so my daughter could reach the table to eat. We didn't tell anyone who we were because I wanted to see if we'd get the best service w/o them knowing we were coming in after a not so great service. Amy came by and introduced herself and made sure we had everything we needed. It was a very pleasant visit. We were sure to tip Tony a little extra to show our appreciation. If we could have Tony as our personal server everywhere we go, we'd be so happy!!",https://www.yelp.com/biz/red-robin-gourmet-burgers-cary
Dalia H.,"Cary, NC",0,6,,3.0,12/12/2015,"The food was standard, good environments for family.   I was disappointed when I got the bill and there was $1.99 for entertainment for a kiosk at our table with games.  It won't let you play until you order, then I guess it tells you there's a charge.  But they should tell you up front because you can turn the kids loose on it without knowing they charge you.  It's so stupid, what a sham!",https://www.yelp.com/biz/red-robin-gourmet-burgers-cary
Lea A.,"Cary, NC",151,248,139,3.0,7/6/2015,"I haven't been here in ages.  I had a taste for a good burger.  I decided on the Smoke & Pepper burger.  It contains an all Angus Beef burger with Peppered Bacon, cheddar cheese, and smoked ketchup on a toasted ciabatta bun.  The burger kind of fell a part after the second bite, but it had a good flavor and texture.  It was just ok.  I've had better burgers elsewhere.  The price to me was pretty steep for a burger.. i think around 13.49 for the burger itself.  I think I'm better off sticking to the banzai burger which packs great flavor with the grilled pineapple.",https://www.yelp.com/biz/red-robin-gourmet-burgers-cary
Patrick M.,"Cary, NC",0,2,20,1.0,9/6/2016,"This place has amazing food if you have an hour or so to wait for your server, realize your server forgot about you and your family. But it's OK because the manager(?) Will take over as your server, and she will do everything in her power to mix up your order. Again, the food is great, no sarcasm, that's the only reason we come back. But the service is the worst I've seen at a RR location. We finally met our server after some about 30 min, which is unacceptable considering they advertise 6min burgers...one more chance RR...then I'm going to corporate",https://www.yelp.com/biz/red-robin-gourmet-burgers-cary?start=20
Marie P.,"Raleigh, NC",80,107,154,4.0,11/8/2015,"My go to place for a veggie burger.  You can get any specialty burger and sub the Boca burger.  I always get the Whiskey River BBQ.  The fries are big steakhouse fries.  Food is consistent.  Service is not.  It is usually great, but I've had pretty bad service in occasion.  If you want treats, they've got them.  Sign up for the rewards and get a free burger every 10th item AND a free birthday burger!  Very cool.",https://www.yelp.com/biz/red-robin-gourmet-burgers-cary?start=20
Shawn B.,"Springfield, VT",9,61,94,4.0,2/26/2015,"First time there. I loved the appetizers, we had the onion ring tower and BBQ boneless wings.  I loved the strawberry lemonade.  My burger was the a1 peppercorn, it was good but sooo salty. French fries were also very salty.  Overall restaurant was decent, waitress attentive and nice.",https://www.yelp.com/biz/red-robin-gourmet-burgers-cary?start=20
Kellie O.,"Raleigh, NC",3,24,,1.0,3/2/2016,"I wish I could give this place a better review however I've given this place way to many chances to get their  act together. My boyfriend and I used to go here quite frequently however the last 4-5 times we've been here we've had nothing but problems. From bad service, undercooked food, receiving appetizers the same time as our meal, cold food, waiting 40 minutes for our food, while watching it sit for a good 10+ minutes under the heat lamps, rude managers, we've had it all here. As I've stated earlier we've given this place several chances to get their act together however it seems every time we go it gets worse. I may go to another Red Robin in the future however I have no intention of ever coming back to this location.",https://www.yelp.com/biz/red-robin-gourmet-burgers-cary?start=20
Ashley B.,"Charlotte, NC",807,86,30,4.0,12/22/2014,"Definitely one of the better Red Robin's I've been to! The service was great (definitely recommend the server, Brandon)! He gave the rundown on all the entrees, as well as listed out all the side dishes (because we couldn't find it on the menu), and notified us of 28 replaced items that may have changed in the past few weeks. I ordered the Fish N Chips entree and a freckled lemonade (my all-time favorite lemonade EVER), and it was delicious! So much food, I was able to take half my dish home for leftovers. And for my dish as well as my boyfriend's, the total came out to be less than $30! Pretty decent pricing for pretty good food :)  I recommend trying something new if you continue to go here and get the same burger. What you get might surprise you and become your new favorite~",https://www.yelp.com/biz/red-robin-gourmet-burgers-cary?start=20
Chris C.,"Cary, NC",0,128,27,5.0,12/7/2014,Always a great place for burgers! Always hot and fresh everything is made to order! Place is always clean staff is always amazing and friendly.  Don't forget the onion rings!,https://www.yelp.com/biz/red-robin-gourmet-burgers-cary?start=20
Paul A.,"Raleigh, NC",0,35,12,2.0,11/8/2015,"This location has now been remodeled, taking what once was a large open area, and partitioning it with hard reflective surfaces everywhere, making the din so loud that we couldn't even hear our server. When you have to yell to talk to the person next to you, there is a problem. What were they thinking?  Service was never quick here, even when not busy. I doubt I'll be back. If I do, I'll bring my dB meter.",https://www.yelp.com/biz/red-robin-gourmet-burgers-cary?start=20
Amanda P.,"Holly Springs, NC",0,4,,5.0,4/9/2016,HOT waiters! Just saying. Oh and the food was good too,https://www.yelp.com/biz/red-robin-gourmet-burgers-cary?start=20
Blair C.,"High Point, NC",58,1,,1.0,6/27/2016,"I went to Red Robyn today and was reminded of why I do not eat there often. It started by waiting for 15 minutes for the waiter to even take our drink order. When a mixed beverage was delivered the server commented that the smell of the drink was ""going to make me puke."" That shouldn't be said to anyone from a server. The appetizer arrived without any fanfare. Then the waiter admitted he had forgotten to put our order in for the kitchen. They brought another friend her milkshake, which she had specifically asked for no whipped cream, it was covered in a huge amount of whipped cream. When our food finally did arrive mine was wrong so it was taken back to be fixed. As my friend was eating her burger she found a black hair on her tomato (she doesn't have black hair). That was taken and replaced when they brought my food. When we went to pay there were no aceptions taken. I asked to see the manager and the waiter came back and said my friends burger was taken off. I once again told the waiter that I actually wanted to see the manager. Then the manager came, I gave him a run down of everything that had happened. He took another $3.50 off a $60 bill. We went to pay again and we couldn't because the table tablet wouldn't let us split the check. We ask the waiter to split the check for us and when he did it took the discount off. Once again the manager had to be called. He split the check and we paid and left. I have never been anywhere where more went wrong and less was done to ""fix"" the problems that happened. I have had better burgers cheaper at many many restaurants. I will not be going back for the free appetizer that was given for that specific location.",https://www.yelp.com/biz/red-robin-gourmet-burgers-cary?start=20
Cody O.,"Cary, NC",17,158,388,4.0,2/2/2014,"It has been a number of years since I visited a Red Robin...and they have been advertising on TV recently so I thought it would be prudent to swing by and try out some of the new offerings.  Very nice menu with lots of options - including chicken and fish ""burgers"" if you can still call them that. I settled on the Bacon Cheeseburger with fries. They have an ""endless fries"" promotion, and when your burger comes out they give you literally 10, perhaps 12, fries. I thought this was rather cheesy and in poor taste. However, the good news is that they will bring you more at no charge...and when they do it is a full basket of fries. This does somewhat redeem them of the obvious attempt on their part to control costs at the expense of looking ""cheap"" to their patrons. However, since they are advertising ""endless fries"" the first serving should be more than a literal handful.  When your in the mood for a decent burger, this should fit the bill nicely. 4-Stars!",https://www.yelp.com/biz/red-robin-gourmet-burgers-cary?start=20
Devon D.,"Silver Spring, MD",52,22,,1.0,10/25/2015,One star would be great thing for the service i rec'vd first off whats the deal with whole bottomless fries if you don't get a basket of fries until you eat? The female waitress we had must have had boyfriend trouble because she was horrible and when we sat down she took our drink order and got lost in the place..when we asked about the bottomless fries she stated they were really busy and she will see if the cooks can squeeze some in and after 15 min of waiting she bought out about 7 fries so basically the service was horrible food was horrible and i will never step a foot back in there again!!!!,https://www.yelp.com/biz/red-robin-gourmet-burgers-cary?start=20
Chris C.,"Raleigh, NC",0,4,,4.0,9/2/2016,Good food great time always like to get good fried zucchini and mushrooms as a starter love the Mushroom Swiss burger and The Stuffed Burgers are great also always great service and a good time,https://www.yelp.com/biz/red-robin-gourmet-burgers-cary?start=20
Joann F.,"Willow Spring, NC",4,34,116,3.0,12/14/2014,"Love this place!! All the employees are nice, wait isn't generally too long. Service overall good, belly leaves happy. Just wish they would do a better job in tending the restrooms.  Would be nice",https://www.yelp.com/biz/red-robin-gourmet-burgers-cary?start=20
Stephanie R.,"Raleigh, NC",1,7,1,4.0,8/28/2015,"My family and I visited Red Robin last Wednesday. We had three kids under 6 with us so we thought this would be the perfect place to quickly get in-and-out in a child-friendly environment. We were right! With a total of 7 people we were sat at a large booth with a high chair for the littlest member. Our server Jason was great. He was extremely personable, quick and very attentive to our table. He was great with the kids. One of them cried because we ran out of fries and Jason was super quick to bring more fries over! We ordered the onion ring appetizer and the onions were crisp, hot and the campfire sauce was delicious. I ordered the ghost pepper sauce tavern double burger and WHEW, it was SPICY! I love spicy things and I am glad I ordered this burger, but be warned, it is not for the faint of heart! Hello fresh jalapenos! I haven't been to Red Robin in several years but I was excited to see that they still had bottomless fries! I had three baskets (don't judge) with their delicious poppy seed honey mustard for dipping. OM NOM NOM.  I like the new atmosphere at this location - seems very hip. That being said, the beer selection is quite disappointing - boo! Get some local craft beers on tap.... besides Red Oak. With all the local breweries in the RDU area, there's just no excuse for crap beer. Also, I've never been a huge fan of the kiosks at the table, but kudos to RR for trying to keep up with the changin' times. I didn't use it other than to pay my bill.  Will definitely be back!",https://www.yelp.com/biz/red-robin-gourmet-burgers-cary?start=20
C G.,"Raleigh, NC",2,25,,1.0,2/26/2016,Went here 2 weeks ago. I have been a pretty loyal customer for the past 2 years. My chicken sandwich was cold after the waitress forgot to bring it. I notified the manager who advised he would take care of it personally. He brought me a new sandwich and low and behold the chicken wasn't even cooked all the way. This place has gone down hill steadily for the past 2 years. I would recommend skipping this establishment all together. There are so many other great places to eat instead of here. It is really a shame because this place used to be really tasty.,https://www.yelp.com/biz/red-robin-gourmet-burgers-cary?start=20
Roger S.,"Cary, NC",18,59,,3.0,7/19/2015,So far the last 2 times we went the service was really slow. The first time they at least they comped our meal. But overall the food is great and they have a great selection of drinks. It's definitely a place everyone should try at least once. My favorite burger is the bacon avocado burger.,https://www.yelp.com/biz/red-robin-gourmet-burgers-cary?start=20
Jon C.,"Raleigh, NC",0,3,,1.0,8/1/2016,Terrible service. No silverware or napkins after receiving the food. Daughters chicken tenders were basically still frozen if you want a free refill of fries you have to wait 30 minutes and I can go on and on.,https://www.yelp.com/biz/red-robin-gourmet-burgers-cary?start=20
Aladdin H.,"Apex, NC",13,37,27,4.0,9/29/2014,"Great place, great burgers. Have not had a bad thing here, a bit too busy for my blood over the weekends. Folks always friendly, food is made as ask for it.",https://www.yelp.com/biz/red-robin-gourmet-burgers-cary?start=20
Steve L.,"Pensacola, FL",35,19,9,2.0,6/7/2015,"Very mediocre meal. Peppercorn burger was mostly tasteless. Shredded onions stringy and TOUGH. This was NOT an $11 burger. Grand daughter had chicken tenders and grandson had pizza. Totally unremarkable. Asked for some Ranch Dressing for chicken tenders.....they must water it down...who knows? The beef patty was not a freshly made, charbroiled burger. Seemed like a frozen patty must have been slapped on the grill or griddle???  Waitress concerned more about the 2 ladies GETTING OUT after they paid their bill than about timely service. I still tipped 20% because she was at least competent. No different than the Red Robin in Pensacola really. Food is okay. Place is noisy and busy. If you are okay with that.....Go. If not, go elsewhere.",https://www.yelp.com/biz/red-robin-gourmet-burgers-cary?start=20
Helen A.,"Cary, NC",30,124,150,4.0,9/13/2014,This is one of the chains that when I'm traveling I will go to for a great burger.. My favorite burger is the Bonzi Burger.. Yum and the bottomless fries..,https://www.yelp.com/biz/red-robin-gourmet-burgers-cary?start=20
Scott L.,"San Mateo, CA",12,15,3,4.0,2/15/2014,"Red Robin pitches itself as a burger place, but I love their fish and chips. I have ordered it three times and each time it was piping hot (who wants to eat cold fish and chips)  and the fish was super tender. That and a free-refill diet coke, and its a good simple week-night out.",https://www.yelp.com/biz/red-robin-gourmet-burgers-cary?start=40
Shawn B.,"Carthage, NC",0,3,1,1.0,2/6/2016,"The one star is for the 25 minute wait for a table for two. There were 16 open tables, with ten families waiting. It appeared there was only one bus boy, as I noticed at least three tables loaded that needed cleaned that weren't cleaned for over 30 minutes. Once we finally got to our table, the sodas ordered were flat. The waitress went to find an answer on the soda. Our food just got here (I'm writing this on site) and still no soda update. Still many open tables, some the need to be cleaned, and more people waiting to be seated. Still only one bus boy. He definitely is in no hurry to get the tables clean. Update: Manager says CO2 levels are normal, telling me Red Robin is content with serving flat soda. At least the waitress is removing the soda charge. Should have went to the other Cary location. Now onto biting into my burger... Wish me luck... Food was good, $1.99 hidden entertainment charge, ridiculous, just to play trivia. Disappointed with this Red Robin. Won't be returning to this one.",https://www.yelp.com/biz/red-robin-gourmet-burgers-cary?start=40
LA J.,"Cary, NC",0,48,,2.0,5/30/2015,"Ok, so I know this is a ""burger"" place but, if you are going to say you have a garden veggie burger... At least make it! Don't serve a frozen Boca burger! And most places at least make a black bean burger these days. They do make some pretty tasty sweet potato fries though. Wait staff was nice. Probably won't return.",https://www.yelp.com/biz/red-robin-gourmet-burgers-cary?start=40
Matt G.,"Laurinburg, NC",0,15,,3.0,5/9/2014,"We come here often because the kids love the food. And the burgers are very good. But the rest of the menu isn't as great, and the service is consistently subpar. Slow, orders are often wrong, and the waitstaff seems overworked. Finally, it seems they moved away a bit from appealing to families with children. No more balloons, TVs turned off instead of cartoons like it used to be.",https://www.yelp.com/biz/red-robin-gourmet-burgers-cary?start=40
Darrell D.,"Raleigh, NC",15,6,25,4.0,3/30/2014,"Me and my wife went there last Tuesday,the food was great,nice selection of burgers and entrees,nice atmosphere,a little pricey for burgers but i will go back.",https://www.yelp.com/biz/red-robin-gourmet-burgers-cary?start=40
Rob L.,"Raleigh, NC",2,14,71,5.0,6/29/2014,"Always great food always great service. As a couple we spent as much on food here as we did at ""Five Guys"". But at Red Robin we were politely seated. Waited on with politeness and courteousness. The booth was clean, the bathroom was clean, the dishes (yes, real dishes and silverware) were clean. On top of all that we had tasty adult beverages. This all cost us within $1 of""Five Guys"" (just as a comparison). Reeeeeed Robin, yuuummmm!",https://www.yelp.com/biz/red-robin-gourmet-burgers-cary?start=40
randy l.,"Cary, NC",38,22,14,2.0,4/23/2014,Update - last night we were at Red Robin.  I got a chophouse burger.  It was not good.  I ate 2/3 of it...the gravy was sour/salty...awful.  I couldn't finish my sweet potato fried because the burger was so bad.  Bonnie's Banzai burger had fishy tasting pineapple.  Not a good experience.,https://www.yelp.com/biz/red-robin-gourmet-burgers-cary?start=40
David C.,"Raleigh, NC",119,10,4,1.0,5/15/2016,"Wet have eaten at this location many times with few to no problems. Today however was a freaking train wreck.  Our waiter Alex was totally inattentive and ignored part of our order. My burger wad delivered lukewarm and my fries cold. It was obvious that our order had been left sitting. My partner only received part of his order. No check backs to see if everything was ok. Not until we had almost finished eating did Alex come by to say that the missing chips had ""just been dropped"" and once again disappeared. He only returned when he saw me touching the ziosk. I was so angry when he asked what he could get I said the manager, he smiled, laughed and said ok. The manager returned with very over cooked chips (the missing part of the order) there was a half hearted apology and the excuse that he had been in the back cooking--this was an obvious untruth as we watched him circulating throughout the dining room. I can understand that the service can be off, but there is no excuse for the manager to blatantly lie and not take responsibility for the situation and offer to do more than a free appetizer. I will definitely take this to Red Robin corporate.",https://www.yelp.com/biz/red-robin-gourmet-burgers-cary?start=40
Christine G.,"Kill Devil Hills, NC",12,125,,2.0,11/1/2012,"I really didn't want to give this place only two stars. I've been to the one at Brier Creek and never had any issues. This particular location has its work cut out for it. I went with four coworkers today for lunch. The hostess sat us at a corner table. However, it was pretty obvious that we were sitting in no one's station. One waitress came by after a few minutes and took drink orders; finally, the manager came by and took our orders. This was about 15 minutes after we sat down; if I had been with my fiance, we would have left. I don't have the patience to sit around at restaurants. It's not like it was all that busy in there to warrant the wait...lots of empty tables at the lunch hour.  I looked at their online menu before even entering the place; I used to eat here more often before I gave up meat. Now, it seems sort of silly to go somewhere where the main attraction is hamburgers if you don't eat meat. But I checked the menu and had decided before I got there that I would get the hummus plate. However, I found out they offered a Boca vegan Gardenburger, so I ordered that and a side salad. The gardenburger was completely bland. I should have stuck with the hummus plate. I was underwhelmed. Apparently, based on other reviews, the bland thing is not contained to the gardenburger...should have checked here before agreeing to go to Red Robin!  Between the mediocre burger and the mediocre service (the manager wound up waiting on us most of the time), this is not a place I would put into general lunch rotation. However, if I go back with my coworkers, the hummus plate it is.",https://www.yelp.com/biz/red-robin-gourmet-burgers-cary?start=40
Jane Y.,"Cary, NC",155,347,98,3.0,1/5/2012,"I don't have kids, so I don't come here for the kid friendlyness or the balloons. ...okay, maybe I secretly want the balloons. I started going to Red Robin in MD because one of my dear friends worked there and not I go to Red Robin because it seems to be a very work-team-luncheon-friendly place. I'm not a huge fan of their burgers, since it's not the best quality. However, I really like how you can lettuce wrap your burgers. As someone who has never enjoyed a huge bun with my burgers, this is a great alternative for me.  Their fries go REALLLLLLY well with buffalo sauce and ranch. You have to try it.  If you get on their Red Robin royal customer program, you can get a free burgers on your bday month. When you acivate your program card, you get a free appetizer. I recommend the onion ring tower.",https://www.yelp.com/biz/red-robin-gourmet-burgers-cary?start=40
Lyndsay L.,"Raleigh, NC",294,7,,4.0,4/14/2012,"My boyfriend & I actually frequent this place often since he is a huge fan of their burgers. We enjoy it there quite a bit. We've always had great servers who are very friendly and efficient. My biggest issue is the bar for it seems to take them 10-15 minutes just to get a beer. There have certainly been times when we order a quick beer at the start of the meal and it comes out to us maybe 5 minutes before the food does. Other than that, they are pretty quick with everything else & the food is usually pretty good. The atmosphere on some nights if you don't have children can be absolutely nuts!! But if you go at just the right time, it's a little calmer and easier to handle.",https://www.yelp.com/biz/red-robin-gourmet-burgers-cary?start=40
Jenny S.,"Raleigh, NC",48,231,19,3.0,11/8/2011,"First things first: This place won the Cary Living Magazine Diamond Award for ""Most Kid Friendly Dining"". They've got a plaque displaying this distinction to everyone right as you walk in the door. So if you're the kind of person who doesn't think anyone under 4' should be allowed to breathe or speak within a 10-yard radius of your table, you should probably NOT eat here.  That said, I'm not sure what's SOOOO kid friendly about it. I went a little later in the evening, so I guess all the little kiddies were in bed- they certainly weren't in RR bothering me. The atmosphere doesn't seem childish, more like ""swiped directly from Applebee's"". The kitchen is ""open"".. not enough that you can actually see what's going on back there (especially if you're one of the under-4'-ers), just enough that the noise and some of the aromas come through into the dining room. And the ""Game Room""? Well, it consists solely of 2 of those dollar-stealing ""crane"" games. Pretty lame for a ""kid friendly"" establishment.  A random gentleman wandered over to my table and chatted me up for a few minutes. I have long since accepted this comes with the turf when you dine alone. I will pass along his recommendation of the Patty Melt, which I did not try- y'all let me know how it, won't you?  My server Jason was awesome. According to his nametag he is charge of training the noobs and I can see why. He repeated my order spot-on despite my numerous subsititutions and add-ons. The bar has a decent selection of draft beer so I enjoyed a Sam Adams Octoberfest with my Picky Eater Turkey Burger Slash BBQ Bacon meal. The sweet potato fries were delicious but unfortunately they got cold really quickly.  Long story short, my burger was more impressive than the restaurant itself, and the service was great. I'll be back, but I'll probably go a little later at night so I can avoid the Chicken Man (Robin Man? Stranger Furry from off the street??) the rest of you have posted about. Mascot-types freak me out.",https://www.yelp.com/biz/red-robin-gourmet-burgers-cary?start=40
Lisa M.,"Durham, NC",1,10,1,2.0,8/23/2014,"The food was good enough but it certainly wasn't served piping hot. Basically, the service was way, way, way too slow. It took over 30 minutes for our burgers to come out, and when they finally did, they were lukewarm. I normally enjoy Red Robin, but I'm not sure I will be back to this location, the service was that slow.",https://www.yelp.com/biz/red-robin-gourmet-burgers-cary?start=40
Adnan C.,"Raleigh, NC",13,31,3,3.0,7/9/2012,"I am kinda underwhelmed. I love burgers, and I did not expect that a burger chain like Red Robin would make an inferior burger than IHOP. I ordered the Bleu Ribbon burger, with double patty. Comes topped with bleu cheese-lettuce-tomato, bbq sauce, chipotle mayo and with loads of crispy onion. With a combo like that, I expected lots of flavor, but strangely, it lacked. As someone else has put it ""whole lot of tasteless-ness"". The only noticeable taste was a tangy bbq sauce, thats about it. The meat patty was not exacltly dry, but not juicy either. And,  the amount of crispy-onion was too much. Bun was ok, toasted, and held pretty good against the double patty.   The steak fries were good, the sweet tea was on par with Mcdonalds. (That said, the Mcdonalds on Western Blvd makes a pretty decent sweet tea). The decor was nice, service was very good, full marks for that. Food was 2 star, service and decor, 4 star. Not sure if I will return anytime soon.",https://www.yelp.com/biz/red-robin-gourmet-burgers-cary?start=40
Matt B.,"Snohomish, WA",36,396,16,3.0,5/18/2012,"It always seems weird rating huge chains like this, but here I go... Burger was good, but nothing super amazing I'd tell people about. Beer and drinks are pretty expensive, and there isn't a good selection. Service was rather slow in getting there, but once he got there, he was awesome. Unlimited fries are always awesome, and you can find condiments they don't put out (e.g., malt vinegar) if you ask). Really, though, it's a Red Robin. You get about the same experience here that you get at any of their other 19876496461 locations. You come here for consistency in food, not the awesomeness. But when you're staying at a hotel 2 blocks away and are starving after an 11 hour drive, it tastes great.",https://www.yelp.com/biz/red-robin-gourmet-burgers-cary?start=40
Dan M.,"Cary, NC",13,17,,3.0,3/26/2014,Who manages this place? Walked in told it would be 15-20 minutes I asked the hostess if some tables in bar was first come first serve. She said no and I kept waiting for her to sit someone at those tables. 20 minutes later she sat me at the table that I asked about and was empty the whole time.   Ha!,https://www.yelp.com/biz/red-robin-gourmet-burgers-cary?start=40
Stephen B.,"Fuquay-Varina, NC",0,90,,3.0,1/4/2014,Overall it was a good experience. It's been awhile since I have been here and it looks like they changed up a bit. The baskets are gone and all the burgers are put on plates and the fries come in cups.  I had the Smoke and Pepper burger which was great.  The kids each had a burger and fries and they loved it.  Service was a bit slow or I would have given it 4 stars. We will definitely put Red Robin back in the rotation when the kids are looking to go out to eat.,https://www.yelp.com/biz/red-robin-gourmet-burgers-cary?start=40
Val P.,"Raleigh, NC",55,99,43,4.0,7/21/2013,"I like this location. Staff, service and food is consistently good.",https://www.yelp.com/biz/red-robin-gourmet-burgers-cary?start=40
Elizabeth P.,"Willow Spring, Middle Creek, NC",8,86,8,2.0,7/2/2012,"Server was good. He was very busy. 3 out of the four tables he had needed a manager ( this is at 7 pm on a Friday) we ordered two burgers and after 45 min I told the manager we were going to panera, and we walked out. There is no reason to wait 45min for food.  No one came to check on us, most RR locations will bring you out a fry fill if they know ur food will be longer than a half hour. They may have been short staffed but there were plenty of open tables, can't imagine they were that busy.",https://www.yelp.com/biz/red-robin-gourmet-burgers-cary?start=40
Mary C.,"Cary, NC",15,47,5,2.0,8/12/2009,"Had a pretty mediocre burger here. Got a bacon cheeseburger and asked to have BBQ sauce added. First few bites were fine but then I noticed the overabundance of mayo, which overwhelms everything else, the sogginess of the bacon, and that the BBQ sauce I asked for was almost undetectable. My husband got the Bleu River burger and was happy with it.  My bigger problem with Red Robin is the overwhelming noise and kitsch factor. It was cold, extremely loud, with nothing to dampen the noise of people talking, and an employee was blowing up balloons near our table. Annoying! I can see how this would be a good place to bring kids, but for an adult, the decor is trying too hard. Tacky and over-the-top in a uniquely American way.  I'd rather hit a locally-owned burger joint any day.",https://www.yelp.com/biz/red-robin-gourmet-burgers-cary?start=40
Anthony P.,"Fairfield, CT",21,48,,3.0,10/23/2012,"Had French Onion soup as an appetizer and their Oktoberfest Burger here for dinner tonight.  The  French Onion soup was incredibly salty.  I know soups are generally salty to begin with, but this was so salty to the point of being almost inedible.  But the worst part was that my burger and fries came out right after my soup.  I know this isn't a high-end eating establishment, but I would think it's basic service 101 to NOT bring out the  main course while the customer is still eating his appetizer. The burger itself was fine.  Nothing  to write home about, but good; as I would expect from a place like Red Robin.   I eat here because I know that the food will be consistent; not great.",https://www.yelp.com/biz/red-robin-gourmet-burgers-cary?start=60
Cari W.,"Cary, NC",0,2,,3.0,1/20/2013,"The food was good. Nothing to write home about. Good burgers. Good sandwiches. The service was non-existent. We would have been upset if we weren't excited about catching up tonight. And their rewards card hook-up was down, so our reason for going was for naught. The server explained a very  long and laborious process to get the item for free - no thank you.",https://www.yelp.com/biz/red-robin-gourmet-burgers-cary?start=60
Kris T.,"Raleigh, NC",0,12,2,5.0,5/20/2014,"Love this place. If you're looking for a great burger in a casual atmosphere, this is your spot. All of them are great, but I recommend the chophouse burger, or the whiskey river BBQ burger. My bf loves the royal robin burger since it has a fried egg! The fries are bottomless, the sauces are a wonderful compliment (try the campfire on your fries!!), and they're one of the few places who can cook a burger well-done without turning it into beef jerky. I always get great servers, but Jenn is my fav. If you're looking for an appetizer, try the jump starter double with cheese sticks and sweet potato fries.",https://www.yelp.com/biz/red-robin-gourmet-burgers-cary?start=60
Steven S.,"Houston, TX",0,24,,3.0,6/17/2012,"We used to visit this Red Robin multiple times a month. The food is great, and that is what keeps us coming back. The service tends to be hit or miss, especially if you are a table of two seated in the 'bar area'. We have found on numerous occasions, the bartender cannot balance making drinks for the whole restaurant, and taking orders/refills/service etc. This is most likely a management decision - to overwork the bartender, but it is consistently frustrating. Again, we really like the food - we just wish the staff was more attentive to customer service.",https://www.yelp.com/biz/red-robin-gourmet-burgers-cary?start=60
Eric B.,"Raleigh, NC",23,71,43,3.0,3/4/2011,"Burgers are great!  Wait times and atmosphere will scare you away unless you have kids and are there as a family.  They are really geared towards family (and do a great job at it!), but that makes the atmosphere very noisy.  Full of crying babies and shrieking toddlers wandering around.  If I had kids (not yet), I'd definitely go here more often.  As it is now, I'll stop by occasionally for lunch...when it's much quieter!  Or take my food to go.",https://www.yelp.com/biz/red-robin-gourmet-burgers-cary?start=60
Eric M.,"Raleigh, NC",37,366,72,2.0,8/24/2008,"I had a really good burger here about a week before I stopped eating meat, but the atmosphere was a bit too much for me. All those primary colors and the guy walking around in the bird suit, somehow if felt really creepy to me. I think if Sesame Street and TGI Fridays somehow had babies they would give birth to a bunch of Red Robins.  I could see this being a great place to take kids (who seem to enjoy things like primary colors and people in animal suits), but for me it fell a bit short. Service was so-so and our waitress seemed somewhat unenthused.  Thumbs up for trying to try new things with burgers and in general succeeding, but thumbs down for lack of atmosphere and overabundance of eyesores. As a side note: do you think that everyone who works there takes turns wearing the bird costume, or do you think it's one guy's specific job?",https://www.yelp.com/biz/red-robin-gourmet-burgers-cary?start=60
Angela H.,"CRANBERRY TWP, PA",6,4,,4.0,4/23/2010,"As others have mentioned, this place is geared towards families. Since I have small children, it works well for us. I really like the burgers and my teenage stepdaughter loves the fancier lemonades. The balloons are a hit with the kids. The person in the robin suit wasn't there the day we went so no experience with that. The service was pretty quick. We had a young, eager waiter. The food was cooked well. Refills came quickly. All in all a pretty good experience.",https://www.yelp.com/biz/red-robin-gourmet-burgers-cary?start=60
Laura G.,"Pittsboro, NC",40,34,15,3.0,2/27/2013,"Hmmm... Okay great start, cute decor, very friendly and attentive staff. After that, it kind of goes downhill. I ordered the Whiskey BBQ burger and it arrived missing the essential crispy onion straws and barely enough BBQ sauce to taste. It was replaced but wondered what the point of the burger was without those two ingredients. Am I picky? My lunch companion ordered the  French dip sandwich. It was awfully small for 12.79 and the crisp French baguette was more like a grocery store deli roll. Impressive? Not to us. Really I seldom go out for a burger, and if I do, I want to LOVE it. Makes me feel like Miss Piggy, but I want A Do-Over; wasted calories and wasted money. Am I cheap too?  2.79 for one medium size soda. So, bill with 20% tip was $35 for 1 burger meal, the French dip thing and one fountain drink. Also the manager was asking some of the tables 10 or 12 questions about their meal seemed a little annoying and grilling. Now, I'm unfriendly too. We left and thought, we would rather have chick fil-a, fast food, really.  Bottom line- I can't see any reason to eat here again. 3 stars, feeling generous.",https://www.yelp.com/biz/red-robin-gourmet-burgers-cary?start=60
Steve S.,"Raleigh, NC",0,21,,2.0,5/22/2013,"Basically the burgers are decent but just one step above a fast food burger for a very high price - there are dozens of better burger joints in the area.  Service was good, atmosphere was good.   There should also be a resonable limit on what can be charged for soda and ice tea!   $50 for a family of 4 for burgers and tea is very pricey - i will not be returning",https://www.yelp.com/biz/red-robin-gourmet-burgers-cary?start=60
Tim K.,"Cary, NC",0,13,,3.0,2/13/2013,This is one of those hit and miss places. Sometimes you come in and the hamburgers and fries are just fabulous and other nights the buns are cold and hard and the fries appear to have been under the light for some time. Service is usually good though in some instances the waiter/waitress is gone for some time due to the load they have. Also sometimes it takes some time to see tables cleaned during non-peak time. They actually appear to be more efficient during rush hours then the non-peak hours. Might be the people working at that time. The best during the time most needed. I still go since it is close and overall the meals and the people are good.,https://www.yelp.com/biz/red-robin-gourmet-burgers-cary?start=60
